>MA0107
0.000000 0.000000 0.000000 1.000000
1.000000 0.000000 0.000000 0.000000
0.207547 0.320755 0.339623 0.132075
0.750000 0.250000 0.000000 0.000000
<
>MA0002
0.681818 0.181818 0.136364 0.000000
0.388889 0.500000 0.111111 0.000000
0.025641 0.025641 0.000000 0.948718
0.205479 0.328767 0.452055 0.013699
<
>MA0003
0.000000 0.000000 0.000000 1.000000
0.000000 0.419501 0.419501 0.160998
0.800866 0.000000 0.000000 0.199134
0.000000 0.000000 0.000000 1.000000
<
>MA0017
0.000000 0.052632 0.631579 0.315789
0.000000 0.000000 0.000000 1.000000
0.133333 0.800000 0.066667 0.000000
1.000000 0.000000 0.000000 0.000000
<
>MA0018
0.000000 0.600000 0.000000 0.400000
0.388889 0.277778 0.166667 0.166667
0.192308 0.153846 0.230769 0.423077
0.266667 0.266667 0.466667 0.000000
<
>MA0024
0.000000 0.000000 0.000000 1.000000
0.000000 0.000000 0.000000 1.000000
0.333333 0.333333 0.333333 0.000000
<
>MA0025
0.043478 0.000000 0.956522 0.000000
0.000000 0.000000 0.000000 1.000000
0.000000 1.000000 0.000000 0.000000
0.372881 0.355932 0.016949 0.254237
<
>MA0028
0.225806 0.322581 0.290323 0.161290
0.194444 0.166667 0.111111 0.527778
0.370370 0.222222 0.370370 0.037037
0.222222 0.333333 0.277778 0.166667
<
>MA0030
0.024390 0.243902 0.414634 0.317073
0.384615 0.269231 0.153846 0.192308
0.368421 0.263158 0.105263 0.263158
0.391304 0.217391 0.173913 0.217391
<
>MA0031
0.025000 0.000000 0.475000 0.500000
0.500000 0.000000 0.500000 0.000000
1.000000 0.000000 0.000000 0.000000
0.047619 0.952381 0.000000 0.000000
<
>MA0032
0.250000 0.125000 0.250000 0.375000
0.235294 0.294118 0.235294 0.235294
0.263158 0.315789 0.157895 0.263158
0.250000 0.250000 0.416667 0.083333
<
>MA0033
0.194444 0.277778 0.166667 0.361111
0.083333 0.333333 0.250000 0.333333
0.250000 0.125000 0.375000 0.250000
0.392857 0.250000 0.285714 0.071429
<
>MA0036
0.200000 0.000000 0.800000 0.000000
0.722222 0.277778 0.000000 0.000000
0.268657 0.716418 0.014925 0.000000
0.145161 0.000000 0.000000 0.854839
<
>MA0037
0.290698 0.000000 0.709302 0.000000
0.933333 0.066667 0.000000 0.000000
0.055556 0.861111 0.013889 0.069444
0.253165 0.000000 0.012658 0.734177
<
>MA0042
0.285714 0.190476 0.523810 0.000000
0.076923 0.615385 0.307692 0.000000
0.411765 0.352941 0.235294 0.000000
0.178571 0.125000 0.142857 0.553571
<
>MA0043
0.125000 0.750000 0.125000 0.000000
1.000000 0.000000 0.000000 0.000000
0.347826 0.521739 0.000000 0.130435
0.135135 0.000000 0.459459 0.405405
<
>MA0048
0.433333 0.433333 0.100000 0.033333
0.118182 0.354545 0.045455 0.481818
0.303571 0.035714 0.660714 0.000000
0.550000 0.000000 0.450000 0.000000
<
>MA0050
0.093750 0.296875 0.296875 0.312500
1.000000 0.000000 0.000000 0.000000
0.909091 0.090909 0.000000 0.000000
0.000000 0.000000 1.000000 0.000000
<
>MA0051
0.000000 0.080000 0.480000 0.440000
1.000000 0.000000 0.000000 0.000000
0.411765 0.588235 0.000000 0.000000
0.500000 0.000000 0.000000 0.500000
<
>MA0052
0.016667 0.000000 0.950000 0.033333
0.961538 0.000000 0.019231 0.019231
0.058333 0.483333 0.000000 0.458333
<
>MA0055
0.350000 0.450000 0.200000 0.000000
0.320000 0.000000 0.080000 0.600000
0.052632 0.368421 0.526316 0.052632
<
>MA0056
0.600000 0.000000 0.400000 0.000000
1.000000 0.000000 0.000000 0.000000
0.066667 0.316667 0.300000 0.316667
0.800000 0.100000 0.000000 0.100000
<
>MA0057
0.055556 0.111111 0.833333 0.000000
0.800000 0.000000 0.200000 0.000000
0.280000 0.280000 0.000000 0.440000
0.250000 0.437500 0.000000 0.312500
<
>MA0058
0.272727 0.500000 0.227273 0.000000
0.038462 0.038462 0.269231 0.653846
0.500000 0.416667 0.083333 0.000000
0.500000 0.000000 0.500000 0.000000
<
>MA0059
0.280000 0.600000 0.080000 0.040000
0.032258 0.032258 0.290323 0.645161
0.409091 0.181818 0.409091 0.000000
0.666667 0.166667 0.166667 0.000000
<
>MA0062
0.714286 0.142857 0.142857 0.000000
0.083333 0.416667 0.500000 0.000000
0.111111 0.111111 0.000000 0.777778
<
>MA0065
0.204082 0.142857 0.387755 0.265306
0.400000 0.433333 0.133333 0.033333
0.145833 0.166667 0.125000 0.562500
0.324324 0.351351 0.324324 0.000000
<
>MA0066
0.120000 0.120000 0.760000 0.000000
0.888889 0.000000 0.000000 0.111111
0.280000 0.000000 0.180000 0.540000
0.107143 0.892857 0.000000 0.000000
<
>MA0069
0.042553 0.042553 0.085106 0.829787
0.117647 0.058824 0.764706 0.058824
0.666667 0.000000 0.166667 0.166667
0.388235 0.458824 0.141176 0.011765
<
>MA0070
0.200000 0.120000 0.640000 0.040000
0.352941 0.529412 0.058824 0.058824
0.333333 0.500000 0.166667 0.000000
0.208333 0.125000 0.000000 0.666667
<
>MA0071
0.365854 0.219512 0.146341 0.268293
0.062500 0.062500 0.750000 0.125000
0.181818 0.000000 0.363636 0.454545
0.218750 0.468750 0.093750 0.218750
<
>MA0072
0.118421 0.223684 0.197368 0.460526
0.727273 0.181818 0.000000 0.090909
0.444444 0.388889 0.166667 0.000000
0.282051 0.256410 0.461538 0.000000
<
>MA0073
0.428571 0.142857 0.428571 0.000000
0.216216 0.270270 0.216216 0.297297
<
>MA0074
1.000000 0.000000 0.000000 0.000000
0.269231 0.384615 0.346154 0.000000
0.000000 0.000000 0.090909 0.909091
<
>MA0076
1.000000 0.000000 0.000000 0.000000
0.024390 0.487805 0.487805 0.000000
0.090909 0.000000 0.000000 0.909091
1.000000 0.000000 0.000000 0.000000
<
>MA0077
0.175182 0.394161 0.430657 0.000000
0.078652 0.067416 0.044944 0.808989
0.775000 0.175000 0.000000 0.050000
0.368421 0.236842 0.342105 0.052632
<
>MA0079
0.333333 0.666667 0.000000 0.000000
0.500000 0.500000 0.000000 0.000000
0.166667 0.166667 0.333333 0.333333
0.666667 0.333333 0.000000 0.000000
<
>MA0080
0.181818 0.051948 0.038961 0.727273
0.875000 0.083333 0.000000 0.041667
0.159664 0.403361 0.436975 0.000000
0.375000 0.375000 0.250000 0.000000
<
>MA0081
0.508197 0.065574 0.393443 0.032787
0.000000 0.466667 0.533333 0.000000
0.000000 0.349398 0.084337 0.566265
0.818182 0.090909 0.090909 0.000000
<
>MA0083
0.166667 0.750000 0.000000 0.083333
0.008065 0.266129 0.362903 0.362903
0.928571 0.047619 0.023810 0.000000
0.666667 0.333333 0.000000 0.000000
<
>MA0084
0.108696 0.173913 0.326087 0.391304
0.454545 0.272727 0.000000 0.272727
0.500000 0.200000 0.150000 0.150000
0.228571 0.371429 0.285714 0.114286
<
>MA0090
0.045455 0.409091 0.000000 0.545455
0.333333 0.000000 0.666667 0.000000
0.250000 0.750000 0.000000 0.000000
1.000000 0.000000 0.000000 0.000000
<
>MA0091
0.160494 0.111111 0.481481 0.246914
0.291667 0.208333 0.000000 0.500000
0.258065 0.645161 0.096774 0.000000
0.562500 0.312500 0.125000 0.000000
<
>MA0092
0.250000 0.625000 0.125000 0.000000
0.210526 0.000000 0.052632 0.736842
0.384615 0.576923 0.038462 0.000000
0.194444 0.111111 0.666667 0.027778
<
>MA0093
0.000000 0.967742 0.000000 0.032258
0.517241 0.000000 0.482759 0.000000
0.000000 0.000000 0.000000 1.000000
0.000000 0.000000 1.000000 0.000000
<
>MA0095
0.260870 0.000000 0.000000 0.739130
0.029412 0.470588 0.500000 0.000000
1.000000 0.000000 0.000000 0.000000
0.750000 0.250000 0.000000 0.000000
<
>MA0101
0.000000 0.000000 0.166667 0.833333
0.714286 0.142857 0.000000 0.142857
0.170213 0.319149 0.319149 0.191489
0.500000 0.125000 0.125000 0.250000
<
>MA0105
0.000000 0.000000 0.000000 1.000000
0.257143 0.257143 0.257143 0.228571
<
>MA0106
0.294118 0.176471 0.235294 0.294118
0.533333 0.466667 0.000000 0.000000
0.060606 0.181818 0.393939 0.363636
0.666667 0.333333 0.000000 0.000000
<
>MA0107
0.000000 0.000000 0.000000 1.000000
1.000000 0.000000 0.000000 0.000000
0.207547 0.320755 0.339623 0.132075
0.750000 0.250000 0.000000 0.000000
<
